bagging_temperature: 8.120201363140767
border_count: 128
depth: 10
eval_metric: AUC
grow_policy: SymmetricTree
l2_leaf_reg: 39.72475205414329
learning_rate: 0.07284883468764865
n_estimators: 1000
random_strength: 32.970336292743085
use_best_model: true
