basic_metrics:
  Accuracy: 0.9146579201235677
  Logloss: 0.20981082879533486
  Precision: 0.5078616395313892
  ROC_AUC: 0.9206910018216448
  Recall: 0.6012963454233737
  f1: 0.5115451370420022
best_metrics:
  Accuracy: 0.9169455363949307
  Logloss: 0.2636652750554343
  Precision: 0.5629241069129618
  ROC_AUC: 0.9236015996967777
  Recall: 0.5751137521211429
  f1: 0.5083838162625561
